2.0800000000001373e-05
4.5400000000000995e-05
0.00012209999999999999
0.00022500000000000298
0.0003076999999999941
0.0010144999999999876
0.0009218000000000004
0.0021132999999999985
0.0023635000000000045
0.0020393999999999968
0.002780500000000019
0.0012482000000000049
0.0010352000000000139
0.0008173000000000208
0.0037057999999999813
0.0034527000000000307
0.004399099999999989
0.004568099999999964
0.0031330999999999998
0.005257799999999979
0.005987599999999982
0.006607699999999994
0.00797749999999997
0.0028025999999998774
0.009330099999999897
0.0050768000000001035
0.008073599999999903
0.008341500000000224
0.012379800000000163
0.009637000000000118
0.01523500000000011
0.015969699999999865
0.017013400000000622
0.010982799999999848
0.013535199999999747
0.0077392999999998935
0.03888089999999966
0.02438249999999975
0.050330200000000325
0.04055390000000081
0.022109199999999163
0.029619900000000143
0.03339420000000004
0.04218719999999898
0.028713400000000888
0.0322900999999991
0.038839400000000524
0.03536120000000054
0.0376548000000021
0.040927100000001104
0.014978100000000438
0.04452930000000066
0.039564199999997385
0.04475000000000051
0.049445699999999704
0.03447530000000043
0.05137240000000176
0.022565999999997643
0.06503150000000346
0.02033310000000199
0.06096610000000169
0.0748595000000023
0.12748200000000054
0.10245820000000094
0.08526630000000068
0.08177269999999481
0.09756860000000245
0.08485640000000672
0.11642989999999998
0.08192569999999932
0.0591817999999904
0.08007019999999443
0.11486709999999789
0.11771740000000364
0.0950131999999968
0.12439559999999972
0.1272043000000025
0.11899490000000412
0.10917650000000378
0.06276060000000427
